# id_IAU             num         alpha        delta        selmag    errselmag   pointing   quadrant   zspec    zflg   norm      epoch   photoMask   tsr         ssr         classFlag  
  "VIPERS 101121877" 101121877   30.8151647   -5.974833    19.2464   0.0034      W1P198     4          0.2096   23.4   26.2311   2       1           0.0         0.0         0          
  "VIPERS 101122063" 101122063   30.4001899   -5.9778899   22.6929   0.0493      W1P197     3          0.9226   21.5   2.9409    2       1           0.0         0.0         -2         
  "VIPERS 101122068" 101122068   30.4430395   -5.9775326   21.4163   0.0191      W1P197     3          1.0308   2.4    4.1758    2       1           0.8647142   1.0         1          
  "VIPERS 101122081" 101122081   30.9498971   -5.9757045   20.1029   0.0081      W1P199     3          0.5115   4.4    3.1094    2       1           0.3281301   0.9494949   1          
  "VIPERS 101122084" 101122084   30.4014923   -5.9778895   21.1928   0.0106      W1P197     3          0.4746   3.5    1.8681    2       1           0.6568993   0.98        1          
  "VIPERS 101122144" 101122144   30.3990668   -5.9773213   21.3083   0.0154      W1P197     3          0.8135   4.5    2.044     2       1           0.494473    1.0         1          
  "VIPERS 101122212" 101122212   30.5713576   -5.977193    21.7728   0.0206      W1P197     4          0.5422   4.5    2.6507    2       1           0.5567242   0.98        1          
  "VIPERS 101122214" 101122214   30.4040146   -5.9724452   21.7112   0.0216      W1P197     3          0.8035   4.5    2.2643    2       1           0.8081717   1.0         1          
  "VIPERS 101122224" 101122224   31.1063335   -5.9763864   21.3597   0.0148      W1P199     4          0.6769   2.4    3.7823    2       1           0.5960532   0.92        1          
  "VIPERS 101122250" 101122250   30.6709263   -5.9776146   22.4587   0.0425      W1P198     3          0.8663   2.2    1.912     2       1           0.7314019   0.45        1          
  "VIPERS 101122257" 101122257   30.980727    -5.9758916   21.1649   0.0122      W1P199     3          0.5272   3.2    3.0841    2       1           0.376819    0.9494949   1          
  "VIPERS 101122302" 101122302   30.546394    -5.9761324   21.7715   0.0326      W1P197     4          0.9252   1.5    13.9962   2       1           0.5534733   0.95        1          
  "VIPERS 101122312" 101122312   30.4149586   -5.9764055   22.1668   0.0248      W1P197     3          0.8174   4.2    1.7478    2       1           0.7222132   0.9494949   1          
  "VIPERS 101122399" 101122399   31.0977858   -5.9765383   21.8873   0.0179      W1P199     4          0.4594   2.5    2.5092    2       1           0.513952    0.78        1          
  "VIPERS 101122444" 101122444   30.5348554   -5.9751279   22.1069   0.0427      W1P197     4          0.651    1.4    10.091    2       1           0.3285741   0.8888889   1          
  "VIPERS 101122456" 101122456   30.9156644   -5.9757324   21.4646   0.0155      W1P199     3          0.542    4.5    2.3206    2       1           0.3921387   0.96        1          
  "VIPERS 101122526" 101122526   31.1291597   -5.9749207   20.6745   0.0091      W1P199     4          0.6187   4.5    5.7984    2       1           0.761249    0.94        1          
  "VIPERS 101122583" 101122583   30.5628627   -5.9751816   20.73     0.0082      W1P197     4          0.4595   4.2    1.9424    2       1           0.5605851   0.97        1          
  "VIPERS 101122662" 101122662   30.6645959   -5.9749861   21.4121   0.0166      W1P198     3          0.5405   2.5    3.8627    2       1           0.7112287   0.9191919   1          
  "VIPERS 101122673" 101122673   30.4403715   -5.9752009   22.1957   0.0308      W1P197     3          0.8101   3.5    2.9025    2       1           0.8607981   0.87        1          
  "VIPERS 101122688" 101122688   30.8165346   -5.9751539   21.3735   0.0122      W1P198     4          0.7099   4.4    6.2794    2       1           0.2657843   0.93        1          
  "VIPERS 101122737" 101122737   30.9513587   -5.9751586   22.2539   0.0276      W1P199     3          0.6276   1.5    4.6794    2       1           0.3508648   0.7         1          
  "VIPERS 101122739" 101122739   31.0529622   -5.9749556   21.8248   0.0217      W1P199     4          0.6444   2.5    3.5638    2       1           0.4212198   0.88        1          
  "VIPERS 101122753" 101122753   30.4584254   -5.97501     22.472    0.0319      W1P197     3          0.6884   4.2    1.8868    2       1           0.8644419   0.95        1          
  "VIPERS 101122801" 101122801   31.1405439   -5.9743502   21.9931   0.0231      W1P199     4          0.6735   2.4    5.079     2       1           0.8180977   0.95        1          
  "VIPERS 101122828" 101122828   31.0717912   -5.9742678   22.0284   0.0303      W1P199     4          1.0256   2.4    2.5479    2       1           0.3577541   0.85        1          
  "VIPERS 101122841" 101122841   30.8861933   -5.9690993   20.5761   0.0128      W1P198     4          0.4624   3.5    7.5852    2       1           0.4712625   0.97        1          
  "VIPERS 101122923" 101122923   30.9212428   -5.9734244   21.7937   0.0196      W1P199     3          0.9231   2.5    2.3301    2       1           0.4158941   0.82        1          
  "VIPERS 101123010" 101123010   30.7066174   -5.9736928   22.3821   0.0436      W1P198     3          1.0367   2.5    2.4485    2       1           0.5700763   0.6         1          
  "VIPERS 101123096" 101123096   30.4261876   -5.9726514   20.5232   0.0072      W1P197     3          0.4854   4.2    1.7758    2       1           0.7298969   0.98        1          
  "VIPERS 101123161" 101123161   31.139107    -5.9725545   22.4053   0.039       W1P199     4          0.6728   2.2    3.5346    2       1           0.761277    0.96        1          
  "VIPERS 101123359" 101123359   30.8949768   -5.9724561   22.258    0.0303      W1P198     4          0.9155   2.5    4.6018    2       1           0.3309735   0.89        1          
  "VIPERS 101123385" 101123385   30.4230875   -5.9707472   20.9981   0.0102      W1P197     3          0.6343   4.4    2.1444    2       1           0.6827216   0.969697    1          
  "VIPERS 101123448" 101123448   30.4607269   -5.9713814   21.0347   0.0104      W1P197     3          0.6898   4.4    1.9567    2       1           1.0         1.0         1          
  "VIPERS 101123479" 101123479   30.8068106   -5.9709829   21.9167   0.0355      W1P198     4          0.922    9.5    4.5752    2       1           0.3921903   0.96        1          
  "VIPERS 101123627" 101123627   30.9075651   -5.970703    21.2437   0.0112      W1P199     3          0.725    4.4    2.1575    2       1           0.3803853   0.9         1          
  "VIPERS 101123681" 101123681   31.0749018   -5.9701051   21.2261   0.0115      W1P199     4          0.6151   2.4    4.2335    2       1           0.3742266   0.989899    1          
  "VIPERS 101123711" 101123711   30.9829262   -5.9709385   22.133    0.0201      W1P199     3          0.5266   3.4    1.9502    2       1           0.4093971   0.73        1          
  "VIPERS 101123720" 101123720   30.9053804   -5.97025     21.7422   0.0169      W1P199     3          0.9198   4.5    2.1814    2       1           0.385795    0.99        1          
  "VIPERS 101123724" 101123724   30.9900358   -5.9703885   22.0323   0.0226      W1P199     3          0.6653   4.4    3.4742    2       1           0.3652592   0.87        1          
  "VIPERS 101123730" 101123730   30.9468057   -5.9692064   20.5542   0.0091      W1P199     3          0.6901   4.2    6.4186    2       1           0.3121946   0.97        1          
  "VIPERS 101123840" 101123840   31.1365528   -5.9687429   20.1966   0.006       W1P199     4          0.5858   4.4    3.413     2       1           0.8642486   0.99        1          
  "VIPERS 101123878" 101123878   30.9387877   -5.9694518   22.2481   0.04        W1P199     3          1.0246   2.5    3.568     2       1           0.3735255   0.88        1          
  "VIPERS 101124004" 101124004   30.7043199   -5.9683843   21.7398   0.0236      W1P198     3          1.4101   19.5   3.1129    2       1           0.5709857   0.76        1          
  "VIPERS 101124020" 101124020   30.6161107   -5.9688267   22.2443   0.0511      W1P197     4          1.2106   1.4    3.749     2       1           0.4618684   0.66        1          
  "VIPERS 101124042" 101124042   30.8517552   -5.968592    22.3713   0.0305      W1P198     4          0.9635   3.5    2.8866    2       1           0.4192526   0.77        1          
  "VIPERS 101124076" 101124076   31.0948065   -5.9677193   22.1594   0.0206      W1P199     4          0.4562   4.2    2.1369    2       1           0.5040747   0.96        1          
  "VIPERS 101124111" 101124111   30.4709997   -5.9630979   19.7551   0.0045      W1P197     3          0.5852   4.5    2.3785    2       1           0.7220133   0.989899    1          
  "VIPERS 101124121" 101124121   30.8930937   -5.9689421   22.4503   0.0364      W1P198     4          0.6972   3.2    10.8263   2       1           0.3420366   0.96        1          
  "VIPERS 101124133" 101124133   30.7464196   -5.9678703   21.4442   0.0166      W1P198     3          0.7301   1.5    6.0104    2       1           0.229183    0.84        1          
  "VIPERS 101124156" 101124156   31.1261724   -5.9683763   21.8754   0.0164      W1P199     4          0.3361   1.2    2.1387    2       1           0.6201065   0.9292929   1          
  "VIPERS 101124157" 101124157   30.5877424   -5.9686635   22.1499   0.0226      W1P197     4          0.5104   2.5    2.2898    2       1           0.617158    0.84        1          
  "VIPERS 101124261" 101124261   30.589789    -5.9680524   22.2041   0.022       W1P197     4          0.6914   4.4    1.6458    2       1           0.6046267   0.97        1          
  "VIPERS 101124281" 101124281   30.8967653   -5.9660494   22.0496   0.0212      W1P198     4          0.7288   2.5    2.8535    2       1           0.3308092   0.91        1          
  "VIPERS 101124304" 101124304   30.8738993   -5.9669079   21.9348   0.0288      W1P198     4          0.6016   1.2    5.244     2       1           0.6097329   0.8585859   1          
  "VIPERS 101124386" 101124386   30.5374881   -5.9665997   21.6756   0.0282      W1P197     4          1.0308   9.5    3.7236    2       1           0.3213594   0.88        1          
  "VIPERS 101124415" 101124415   30.465703    -5.9669252   21.2144   0.0094      W1P197     3          0.0      4.2    1.3595    2       1           1.0         0.0         1          
  "VIPERS 101124548" 101124548   31.1321666   -5.9645155   21.6372   0.0217      W1P199     4          0.5848   4.4    6.6893    2       1           0.8261766   0.96        1          
  "VIPERS 101124554" 101124554   30.7840126   -5.966804    22.4575   0.0328      W1P198     4          1.525    12.2   1.8956    2       1           0.6284488   0.76        1          
  "VIPERS 101124576" 101124576   31.0887327   -5.966107    22.443    0.0517      W1P199     4          1.1974   9.4    7.3885    2       1           0.5140059   0.5151515   1          
  "VIPERS 101124580" 101124580   31.0668617   -5.9665      22.348    0.0316      W1P199     4          0.6174   4.5    2.0884    2       1           0.4519644   0.85        1          
  "VIPERS 101124610" 101124610   30.5441941   -5.9657542   22.392    0.0329      W1P197     4          0.9023   3.5    2.2397    2       1           0.4156129   0.79        1          
  "VIPERS 101124611" 101124611   30.4763845   -5.9660647   22.2483   0.0295      W1P197     3          1.1226   3.4    2.8076    2       1           0.5211481   0.75        1          
  "VIPERS 101124641" 101124641   31.1191845   -5.9648986   20.8278   0.009       W1P199     4          0.7808   4.2    3.3625    2       1           0.4524215   0.9393939   1          
  "VIPERS 101124642" 101124642   30.8443959   -5.9660441   21.438    0.0143      W1P198     4          0.795    2.5    2.5506    2       1           0.6307188   1.0         1          
  "VIPERS 101124691" 101124691   30.4388725   -5.9647505   21.5482   0.0186      W1P197     3          0.8686   3.5    2.1849    2       1           0.6331987   0.969697    1          
  "VIPERS 101124810" 101124810   30.6139821   -5.964798    21.9886   0.0295      W1P197     4          0.9564   9.4    2.2857    2       1           0.4995573   0.98        1          
  "VIPERS 101124818" 101124818   30.8704164   -5.9640886   22.2145   0.0516      W1P198     4          0.8974   1.5    5.9016    2       1           0.5342358   0.8585859   1          
  "VIPERS 101124819" 101124819   30.6066882   -5.9652715   22.45     0.029       W1P197     4          0.903    3.5    2.0381    2       1           0.5604567   0.89        1          
  "VIPERS 101124820" 101124820   31.0541759   -5.9651272   21.5947   0.0146      W1P199     4          0.6462   4.4    2.7034    2       1           0.5503297   0.979798    1          
  "VIPERS 101124878" 101124878   30.9547631   -5.9643976   22.1052   0.0378      W1P199     3          1.2052   3.2    3.9819    2       1           0.348913    0.79        1          
  "VIPERS 101124879" 101124879   30.6082503   -5.9647014   21.2528   0.0147      W1P197     4          0.5404   4.4    2.4917    2       1           0.5640636   0.96        1          
  "VIPERS 101124901" 101124901   30.8422176   -5.9642903   20.9993   0.0105      W1P198     4          0.6988   4.4    3.3548    2       1           0.6506662   0.98        1          
  "VIPERS 101125045" 101125045   30.7343958   -5.9638735   22.0475   0.0223      W1P198     3          0.5888   4.5    2.0213    2       1           0.5137783   0.87        1          
  "VIPERS 101125110" 101125110   30.8820446   -5.9628308   20.6238   0.0069      W1P198     4          0.7069   4.5    2.1618    2       1           0.5876666   1.0         1          
  "VIPERS 101125128" 101125128   30.8407317   -5.963585    22.1232   0.0236      W1P198     4          0.7006   4.4    2.332     2       1           0.6577267   0.95        1          
  "VIPERS 101125217" 101125217   30.4732777   -5.962366    22.1779   0.0297      W1P197     3          0.674    2.5    1.7869    2       1           0.6306333   0.79        1          
  "VIPERS 101125264" 101125264   30.658484    -5.9625177   22.4386   0.0422      W1P198     3          0.9289   1.4    3.4221    2       1           0.7489216   0.35        1          
  "VIPERS 101125265" 101125265   31.0019093   -5.9614951   20.4367   0.007       W1P199     3          0.6562   4.2    7.5756    2       1           0.3996698   1.0         1          
  "VIPERS 101125303" 101125303   30.576738    -5.9619227   21.5344   0.0174      W1P197     4          0.6968   3.5    2.6251    2       1           0.6213305   0.95        1          
  "VIPERS 101125389" 101125389   30.6001234   -5.9618019   22.2058   0.0364      W1P197     4          0.5093   9.2    2.1342    2       1           0.5557315   0.81        1          
  "VIPERS 101125449" 101125449   30.9231481   -5.9619742   22.2419   0.0262      W1P199     3          0.9199   3.5    3.5079    2       1           0.3042343   0.73        1          
  "VIPERS 101125510" 101125510   30.3895648   -5.9611388   22.1152   0.0292      W1P197     3          0.3838   1.2    2.3962    2       1           0.3945411   0.8484848   1          
  "VIPERS 101125512" 101125512   31.1234131   -5.9593759   20.6311   0.0094      W1P199     4          0.6354   3.5    9.4386    2       1           0.4534582   1.0         1          
  "VIPERS 101125542" 101125542   30.94525     -5.9597203   21.5121   0.0208      W1P199     3          0.6896   4.4    3.0663    2       1           0.3303828   0.9191919   1          
  "VIPERS 101125565" 101125565   30.5654262   -5.9610774   22.3805   0.0274      W1P197     4          0.7324   4.2    1.9757    2       1           0.5482671   0.979798    1          
  "VIPERS 101125595" 101125595   31.0923398   -5.9600833   20.6977   0.0075      W1P199     4          0.7308   4.5    2.7689    2       1           0.5680148   1.0         1          
  "VIPERS 101125598" 101125598   30.7225222   -5.9614062   22.3874   0.0327      W1P198     3          0.9468   9.2    2.0529    2       1           0.4766856   0.77        1          
  "VIPERS 101125655" 101125655   30.4280751   -5.9605953   21.8162   0.0193      W1P197     3          0.6906   4.4    1.9474    2       1           0.7537574   0.92        1          
  "VIPERS 101125685" 101125685   30.8322179   -5.960976    22.01     0.0218      W1P198     4          0.5622   4.4    2.7727    2       1           0.711195    0.95        1          
  "VIPERS 101125692" 101125692   30.5664562   -5.9611735   22.864    0.0407      W1P197     4          0.0      21.2   1.7065    2       1           0.0         0.0         -2         
  "VIPERS 101125694" 101125694   30.9573393   -5.9606002   21.6945   0.0149      W1P199     3          0.6107   2.2    2.1806    2       1           0.3503197   0.9090909   1          
  "VIPERS 101125721" 101125721   30.6356424   -5.957123    21.1728   0.0114      W1P198     3          0.545    1.2    4.9004    2       1           0.5358473   0.83        1          
  "VIPERS 101125750" 101125750   30.6880789   -5.9602597   21.9079   0.0253      W1P198     3          1.0357   1.4    2.5395    2       1           0.6077134   0.75        1          
  "VIPERS 101125788" 101125788   31.1421573   -5.9589165   21.2594   0.0143      W1P199     4          0.411    4.5    4.6615    2       1           0.461383    0.91        1          
  "VIPERS 101125856" 101125856   30.6192145   -5.960317    21.8559   0.0205      W1P197     4          0.8224   3.5    1.7642    2       1           0.4951929   0.96        1          
  "VIPERS 101125919" 101125919   30.4627651   -5.9598397   22.1773   0.0216      W1P197     3          0.4344   3.2    1.3917    2       1           0.9621483   0.89        1          
  "VIPERS 101125958" 101125958   30.8220686   -5.955433    21.22     0.0201      W1P198     4          1.0362   3.5    3.2745    2       1           0.5957434   0.96        1          
  "VIPERS 101126087" 101126087   30.5827726   -5.9583108   20.7875   0.0077      W1P197     4          0.0      4.2    2.0901    2       1           0.0         0.0         -1         
  "VIPERS 101126090" 101126090   30.883329    -5.9584916   20.8376   0.0093      W1P198     4          0.4634   3.5    7.7087    2       1           0.5880223   0.979798    1          
  "VIPERS 101126123" 101126123   30.7276487   -5.9589447   22.1336   0.0281      W1P198     3          0.6042   4.2    1.8359    2       1           0.4713913   0.8585859   1          
  "VIPERS 101126188" 101126188   30.4506374   -5.9576509   20.797    0.0098      W1P197     3          0.4875   3.5    2.0473    2       1           0.381702    0.98        1          
  "VIPERS 101126196" 101126196   30.4310104   -5.9583539   22.0477   0.0248      W1P197     3          0.6076   3.2    2.107     2       1           0.7103083   0.92        1          
  "VIPERS 101126256" 101126256   31.1219428   -5.9578924   21.857    0.0186      W1P199     4          0.7327   2.4    6.937     2       1           0.4333418   0.92        1          
  "VIPERS 101126282" 101126282   30.8192382   -5.9572538   20.9859   0.0132      W1P198     4          0.7136   4.4    2.502     2       1           0.513832    0.95        1          
  "VIPERS 101126352" 101126352   30.9403604   -5.9574367   22.158    0.0432      W1P199     3          0.6365   4.4    4.8008    2       1           0.3678324   0.95        1          
  "VIPERS 101126353" 101126353   30.8540214   -5.9580079   22.3188   0.0289      W1P198     4          0.6426   2.5    2.6385    2       1           0.3578416   0.7878788   1          
  "VIPERS 101126440" 101126440   30.4414312   -5.9575672   22.2395   0.0242      W1P197     3          0.7265   4.5    2.2317    2       1           0.4370952   0.8888889   1          
  "VIPERS 101126466" 101126466   31.1008383   -5.9563234   20.901    0.0094      W1P199     4          0.6028   3.4    3.5436    2       1           0.7216484   0.96        1          
  "VIPERS 101126501" 101126501   30.9790967   -5.955631    22.0384   0.0273      W1P199     3          0.7274   3.4    3.1522    2       1           0.6379957   0.94        1          
  "VIPERS 101126545" 101126545   30.942853    -5.9569658   22.1887   0.0241      W1P199     3          0.6348   4.2    1.7317    2       1           0.3449699   0.9494949   1          
  "VIPERS 101126571" 101126571   30.7446254   -5.9557831   21.264    0.016       W1P198     3          0.5985   3.5    2.5882    2       1           0.1643074   0.86        1          
  "VIPERS 101126659" 101126659   31.0073715   -5.9562475   21.4989   0.0134      W1P199     3          0.6574   3.4    1.9401    2       1           0.654798    0.89        1          
  "VIPERS 101126677" 101126677   30.8663168   -5.9564719   22.2017   0.0217      W1P198     4          0.6356   2.4    1.7625    2       1           0.4431309   0.9         1          
  "VIPERS 101126759" 101126759   30.5318211   -5.9554969   22.1399   0.024       W1P197     4          1.1598   3.5    2.125     2       1           0.3111967   0.86        1          
  "VIPERS 101126783" 101126783   31.1152733   -5.9557939   22.4205   0.0262      W1P199     4          0.7294   3.5    2.5745    2       1           0.4787351   0.85        1          
  "VIPERS 101126833" 101126833   30.5599419   -5.9556842   22.1254   0.0232      W1P197     4          0.5088   3.2    1.8736    2       1           0.5127933   0.9         1          
  "VIPERS 101126931" 101126931   31.1485435   -5.9534955   21.5398   0.0231      W1P199     4          0.9185   2.4    11.603    2       1           0.378144    0.91        1          
  "VIPERS 101127035" 101127035   30.5966242   -5.9540757   21.9855   0.0265      W1P197     4          0.5885   3.4    3.1204    2       1           0.4525639   0.91        1          
  "VIPERS 101127095" 101127095   30.7198272   -5.9520094   20.2615   0.0077      W1P198     3          0.7958   4.5    2.6616    2       1           0.4916904   0.97        1          
  "VIPERS 101127147" 101127147   30.8613657   -5.9541431   22.0756   0.0207      W1P198     4          0.8067   2.5    1.7289    2       1           0.4016146   0.8989899   1          
  "VIPERS 101127154" 101127154   30.6452214   -5.9536634   22.3448   0.0327      W1P198     3          0.885    3.5    3.836     2       1           0.6504487   0.63        1          
  "VIPERS 101127167" 101127167   30.3785003   -5.9538726   22.4114   0.0362      W1P197     3          0.8987   2.5    1.8387    2       1           0.2328313   0.7979798   1          
  "VIPERS 101127175" 101127175   30.4744851   -5.9533914   21.5621   0.0156      W1P197     3          0.8686   4.5    1.9391    2       1           0.6842787   1.0         1          
  "VIPERS 101127178" 101127178   30.8057345   -5.9533324   20.9042   0.0078      W1P198     4          0.5484   4.5    1.814     2       1           0.6259878   0.989899    1          
  "VIPERS 101127240" 101127240   30.8359045   -5.9529374   20.9737   0.0102      W1P198     4          0.5415   3.5    2.0147    2       1           0.5802765   0.94        1          
  "VIPERS 101127267" 101127267   30.4869112   -5.9532709   21.9449   0.0338      W1P197     3          0.8012   1.4    5.2518    2       1           0.8409565   0.96        1          
  "VIPERS 101127268" 101127268   30.8471504   -5.9528412   21.6866   0.0197      W1P198     4          0.9162   3.5    2.797     2       1           0.5078909   0.98        1          
  "VIPERS 101127284" 101127284   30.5746498   -5.9528491   21.1928   0.0121      W1P197     4          0.6299   4.4    3.0609    2       1           0.6215056   0.9494949   1          
  "VIPERS 101127387" 101127387   30.9616566   -5.9530896   21.9581   0.0195      W1P199     3          0.4523   1.2    2.0777    2       1           0.3509851   0.69        1          
  "VIPERS 101127451" 101127451   30.4365746   -5.951866    20.849    0.0077      W1P197     3          0.6485   4.2    1.5575    2       1           0.4260461   0.989899    1          
  "VIPERS 101127496" 101127496   30.8954744   -5.9517073   22.1892   0.0328      W1P199     3          0.6504   3.5    3.3193    2       1           0.42056     0.97        1          
  "VIPERS 101127521" 101127521   30.8309947   -5.9515787   21.4386   0.0182      W1P198     4          0.7274   2.5    6.4054    2       1           0.6029121   0.9292929   1          
  "VIPERS 101127555" 101127555   31.0828109   -5.9508279   21.6245   0.016       W1P199     4          0.6506   4.4    2.9781    2       1           0.6529396   0.95        1          
  "VIPERS 101127587" 101127587   30.4095784   -5.9514714   21.7048   0.0211      W1P197     3          1.1662   3.5    2.321     2       1           0.5216604   0.87        1          
  "VIPERS 101127727" 101127727   31.0005146   -5.9460998   20.8053   0.0104      W1P199     3          0.5278   4.4    3.655     2       1           0.4255506   0.98        1          
  "VIPERS 101127730" 101127730   30.8917592   -5.9514012   22.3757   0.0313      W1P198     4          0.728    2.5    2.4509    2       1           0.3715469   0.8787879   1          
  "VIPERS 101127892" 101127892   30.9127455   -5.9507356   22.23     0.0241      W1P199     3          0.7264   3.4    2.4473    2       1           0.4591079   0.75        1          
  "VIPERS 101127971" 101127971   30.8573008   -5.949968    22.2162   0.0244      W1P198     4          0.9089   2.5    4.082     2       1           0.3547191   0.959596    1          
  "VIPERS 101128003" 101128003   30.9840729   -5.9486741   21.3213   0.0155      W1P199     3          0.7285   1.4    8.2911    2       1           0.6644402   0.89        1          
  "VIPERS 101128050" 101128050   30.9167833   -5.9486712   22.1014   0.0267      W1P199     3          0.8305   3.5    4.5971    2       1           0.3656236   0.9         1          
  "VIPERS 101128057" 101128057   30.725577    -5.9493888   22.4183   0.0468      W1P198     3          0.6713   2.2    2.7837    2       1           0.3816829   0.83        1          
  "VIPERS 101128060" 101128060   30.5581681   -5.9481317   20.8892   0.0111      W1P197     4          0.5085   4.4    7.4137    2       1           0.4734102   0.99        1          
  "VIPERS 101128062" 101128062   30.4451462   -5.9468969   20.0048   0.0058      W1P197     3          0.6516   4.4    2.8946    2       1           0.3111764   0.99        1          
  "VIPERS 101128095" 101128095   30.4782195   -5.9490971   21.6533   0.0219      W1P197     3          0.867    2.5    3.4635    2       1           0.6377819   0.94        1          
  "VIPERS 101128182" 101128182   30.4673236   -5.948592    21.6111   0.0163      W1P197     3          0.6163   4.5    1.6508    2       1           0.6896739   0.97        1          
  "VIPERS 101128215" 101128215   30.6016719   -5.947837    21.7895   0.0311      W1P197     4          0.9028   3.2    12.6664   2       1           0.3521713   0.81        1          
  "VIPERS 101128397" 101128397   30.5533259   -5.9480079   21.8896   0.0196      W1P197     4          0.6858   3.4    1.965     2       1           0.4405184   0.98        1          
  "VIPERS 101128398" 101128398   30.676076    -5.947157    22.241    0.0406      W1P198     3          1.4044   3.2    3.8358    2       1           1.0         0.67        1          
  "VIPERS 101128400" 101128400   31.0053709   -5.9468674   21.4775   0.0184      W1P199     3          0.7033   2.4    3.7624    2       1           0.6110835   0.9292929   1          
  "VIPERS 101128503" 101128503   30.7884894   -5.9471296   22.4693   0.0324      W1P198     4          0.8488   3.5    4.0785    2       1           0.5674596   0.8888889   1          
  "VIPERS 101128528" 101128528   30.4062065   -5.9470611   22.0857   0.0303      W1P197     3          0.8178   3.5    1.9766    2       1           0.4156628   0.95        1          
  "VIPERS 101128541" 101128541   30.9985188   -5.9454972   20.5367   0.0079      W1P199     3          0.7302   4.5    3.1102    2       1           0.478686    0.98        1          
  "VIPERS 101128591" 101128591   30.8488457   -5.9469319   21.8382   0.0173      W1P198     4          0.7274   4.5    2.0581    2       1           0.4025292   0.98        1          
  "VIPERS 101128649" 101128649   30.7167334   -5.9463448   22.0465   0.0281      W1P198     3          0.9984   3.5    7.3826    2       1           0.5392957   0.88        1          
  "VIPERS 101128699" 101128699   31.0489915   -5.9457992   21.7407   0.0261      W1P199     4          0.8194   4.5    6.4649    2       1           0.6900852   0.93        1          
  "VIPERS 101128733" 101128733   30.8560776   -5.9462889   22.3784   0.0316      W1P198     4          0.7038   4.4    2.8209    2       1           0.3366661   0.96        1          
  "VIPERS 101128737" 101128737   31.0505553   -5.9457394   21.7407   0.0207      W1P199     4          0.8177   4.4    2.6534    2       1           0.6613965   0.91        1          
  "VIPERS 101128746" 101128746   31.0608345   -5.9458087   21.7006   0.0165      W1P199     4          0.7057   2.5    2.7597    2       1           0.5403705   0.969697    1          
  "VIPERS 101128764" 101128764   30.7861717   -5.943201    19.3162   0.0034      W1P198     4          0.4898   3.2    3.6156    2       1           0.6416289   0.989899    1          
  "VIPERS 101128778" 101128778   31.0854681   -5.9458155   21.3628   0.0105      W1P199     4          0.5499   4.5    2.2617    2       1           0.5802749   0.95        1          
  "VIPERS 101128906" 101128906   30.8726028   -5.945042    22.2495   0.0338      W1P198     4          1.0238   2.5    3.6616    2       1           0.3522112   0.7         1          
  "VIPERS 101128950" 101128950   30.9853003   -5.9452057   21.9087   0.0181      W1P199     3          0.7036   3.5    1.8732    2       1           0.7221456   0.82        1          
  "VIPERS 101128957" 101128957   30.3878402   -5.9451704   22.0736   0.0276      W1P197     3          0.813    3.5    1.7484    2       1           0.4726123   0.86        1          
  "VIPERS 101129030" 101129030   30.4478934   -5.94528     22.4576   0.0277      W1P197     3          0.6527   3.4    1.6661    2       1           0.316279    0.84        1          
  "VIPERS 101129069" 101129069   31.1121002   -5.9445511   22.434    0.0332      W1P199     4          0.5466   2.5    2.3727    2       1           0.5966191   0.78        1          
  "VIPERS 101129080" 101129080   31.068741    -5.9427652   21.6934   0.019       W1P199     4          0.7567   3.4    3.222     2       1           0.5173528   0.89        1          
  "VIPERS 101129393" 101129393   30.9964491   -5.9425631   21.9144   0.0258      W1P199     3          0.8986   3.5    2.7672    2       1           0.5185647   0.86        1          
  "VIPERS 101129413" 101129413   30.9344876   -5.9428765   22.2286   0.0261      W1P199     3          0.8324   4.5    2.5164    2       1           0.3317323   0.94        1          
  "VIPERS 101129441" 101129441   30.3805931   -5.9427181   21.9824   0.0247      W1P197     3          0.9427   1.5    4.7888    2       1           0.3181301   0.85        1          
  "VIPERS 101129492" 101129492   30.9648122   -5.9426409   22.0057   0.0234      W1P199     3          0.6916   4.4    3.3992    2       1           0.4770113   0.93        1          
  "VIPERS 101129530" 101129530   30.5407738   -5.9424863   21.6713   0.0181      W1P197     4          0.5685   3.5    3.8642    2       1           0.3053257   0.94        1          
  "VIPERS 101129691" 101129691   31.0813179   -5.9409448   20.917    0.0084      W1P199     4          0.7299   4.4    2.653     2       1           0.6733913   0.99        1          
  "VIPERS 101129704" 101129704   31.057293    -5.9398378   21.5879   0.0168      W1P199     4          0.7298   4.2    3.0645    2       1           0.559657    0.959596    1          
  "VIPERS 101129803" 101129803   30.6411609   -5.9404784   21.9734   0.0286      W1P197     4          1.0395   1.2    5.6607    2       1           0.7162795   0.8         1          
  "VIPERS 101129818" 101129818   30.6748056   -5.9407958   22.4816   0.0503      W1P198     3          0.4679   3.2    4.4238    2       1           0.9762078   0.88        1          
  "VIPERS 101129920" 101129920   30.799725    -5.9400061   21.6016   0.0246      W1P198     4          0.7879   2.5    7.7735    2       1           0.561643    0.92        1          
  "VIPERS 101130040" 101130040   30.8283462   -5.9399167   21.9624   0.0241      W1P198     4          0.7274   3.4    2.2559    2       1           0.6362329   0.84        1          
  "VIPERS 101130141" 101130141   31.1088715   -5.9389398   21.9908   0.0197      W1P199     4          0.675    4.5    2.4823    2       1           0.5425936   0.98        1          
  "VIPERS 101130178" 101130178   30.9294212   -5.9395807   22.0803   0.0192      W1P199     3          0.755    3.5    3.1539    2       1           0.241303    0.8888889   1          
  "VIPERS 101130213" 101130213   30.7135688   -5.9395356   22.3221   0.0324      W1P198     3          0.8175   3.5    2.5571    2       1           0.6235106   0.72        1          
  "VIPERS 101130291" 101130291   30.6861501   -5.9377634   21.1083   0.0145      W1P198     3          0.9425   3.5    2.5738    2       1           0.6740612   0.75        1          
  "VIPERS 101130419" 101130419   30.8878333   -5.9378332   21.3196   0.0142      W1P198     4          0.5182   3.5    4.7967    2       1           0.4444006   0.97        1          
  "VIPERS 101130430" 101130430   30.7029977   -5.9384684   22.2346   0.0256      W1P198     3          0.5506   1.5    1.9639    2       1           0.6330018   0.74        1          
  "VIPERS 101130515" 101130515   31.154707    -5.9375875   22.0835   0.0217      W1P200     3          0.0      1.2    1.749     2       1           0.0         0.0         -1         
  "VIPERS 101130520" 101130520   30.7479997   -5.9377964   22.3847   0.0316      W1P198     3          0.8307   1.4    2.5976    2       1           0.1466981   0.55        1          
  "VIPERS 101130521" 101130521   30.5980448   -5.9365949   21.6093   0.0216      W1P197     4          0.662    3.2    6.4583    2       1           0.3149446   0.88        1          
  "VIPERS 101130570" 101130570   31.129527    -5.937546    21.8051   0.0158      W1P199     4          0.7311   3.4    2.5574    2       1           0.3603534   0.9191919   1          
  "VIPERS 101130577" 101130577   31.0438769   -5.937625    21.9097   0.0206      W1P199     4          0.7866   3.5    2.8935    2       1           0.520283    0.9494949   1          
  "VIPERS 101130660" 101130660   30.8153477   -5.9372453   22.1529   0.0228      W1P198     4          0.6493   2.5    1.8978    2       1           0.7929169   0.94        1          
  "VIPERS 101130669" 101130669   30.6933054   -5.9357446   22.1339   0.0354      W1P198     3          0.4873   1.2    3.359     2       1           0.6947861   0.8989899   1          
  "VIPERS 101130684" 101130684   31.0721387   -5.9360614   22.4924   0.0469      W1P199     4          0.6424   2.2    3.8701    2       1           0.6394331   0.8989899   1          
  "VIPERS 101130706" 101130706   31.0871515   -5.9365915   21.6263   0.0133      W1P199     4          0.6502   4.5    2.2239    2       1           0.5156978   0.95        1          
  "VIPERS 101130730" 101130730   31.0526615   -5.9367552   22.3448   0.0315      W1P199     4          0.7864   2.2    2.6495    2       1           0.4856681   0.78        1          
  "VIPERS 101130836" 101130836   30.6693919   -5.9362275   22.0552   0.0221      W1P198     3          0.8278   3.5    2.5044    2       1           0.6780215   0.7676768   1          
  "VIPERS 101130855" 101130855   30.3766174   -5.9359597   22.2685   0.0305      W1P197     3          1.059    2.5    2.0308    2       1           0.3130874   0.75        1          
  "VIPERS 101130870" 101130870   30.6367836   -5.9360529   21.8596   0.018       W1P198     3          0.914    3.5    3.8016    2       1           0.6042726   0.88        1          
  "VIPERS 101130967" 101130967   31.1499245   -5.9351838   21.6452   0.0178      W1P199     4          0.5086   3.5    6.3398    2       1           0.2751329   0.92        1          
  "VIPERS 101130991" 101130991   30.6597695   -5.935754    22.207    0.0284      W1P198     3          0.5841   3.4    3.9143    2       1           0.4997554   0.73        1          
  "VIPERS 101131015" 101131015   30.970088    -5.9352999   21.7793   0.0165      W1P199     3          0.7056   4.5    2.2694    2       1           0.5722069   0.8787879   1          
  "VIPERS 101131036" 101131036   30.5258639   -5.9354478   21.7646   0.0148      W1P197     4          0.9969   3.2    2.0177    2       1           0.5061      0.99        1          
  "VIPERS 101131157" 101131157   30.9595102   -5.9345651   21.7373   0.0185      W1P199     3          0.8312   2.4    2.5698    2       1           0.3557848   0.8383838   1          
  "VIPERS 101131204" 101131204   30.6609733   -5.9340066   20.9838   0.0096      W1P198     3          0.4879   3.5    4.7376    2       1           0.4732908   0.93        1          
  "VIPERS 101131547" 101131547   30.7011416   -5.9285284   21.5036   0.0126      W1P198     3          0.6222   4.4    1.6464    2       1           0.6927328   0.88        1          
  "VIPERS 101131604" 101131604   30.633155    -5.9328639   22.2891   0.0243      W1P197     4          1.042    2.5    2.0331    2       1           0.5390464   0.78        1          
  "VIPERS 101131638" 101131638   30.9742644   -5.9328154   22.3629   0.0354      W1P199     3          0.9164   2.5    2.7068    2       1           0.5973857   0.8585859   1          
  "VIPERS 101131644" 101131644   30.4209037   -5.9322449   22.3703   0.0301      W1P197     3          1.8682   19.5   2.3893    2       1           0.6734586   0.65        1          
  "VIPERS 101131698" 101131698   30.8895922   -5.9308807   22.2886   0.0333      W1P198     4          0.93     2.5    2.7325    2       1           0.4284465   0.87        1          
  "VIPERS 101131730" 101131730   31.1533772   -5.9299738   20.8577   0.0122      W1P199     4          0.7297   3.4    5.737     2       1           0.3366427   0.989899    1          
  "VIPERS 101131792" 101131792   31.1024746   -5.9311207   21.866    0.0198      W1P199     4          0.5509   2.4    4.4487    2       1           0.4676665   0.9         1          
  "VIPERS 101131844" 101131844   30.6958923   -5.9315037   21.4998   0.0134      W1P198     3          0.5176   4.5    1.8854    2       1           0.7677679   0.8         1          
  "VIPERS 101131849" 101131849   31.0475508   -5.929205    20.2881   0.0074      W1P199     4          0.6362   4.4    3.8107    2       1           0.4345745   0.96        1          
  "VIPERS 101131937" 101131937   30.9045028   -5.9304735   20.8606   0.0089      W1P199     3          0.4649   3.5    2.5271    2       1           0.3481897   0.95        1          
  "VIPERS 101131972" 101131972   30.4524693   -5.9310528   22.4316   0.032       W1P197     3          0.6148   4.5    1.6381    2       1           0.4234566   0.93        1          
  "VIPERS 101131980" 101131980   30.9713427   -5.9292127   20.7815   0.0096      W1P199     3          0.4653   2.5    4.1598    2       1           0.5587959   0.8888889   1          
  "VIPERS 101132096" 101132096   30.8098879   -5.9275838   22.0907   0.0393      W1P198     4          0.9138   9.4    3.5168    2       1           0.6181315   0.95        1          
  "VIPERS 101132097" 101132097   31.1064748   -5.9299659   22.2767   0.0435      W1P199     4          0.9189   2.5    4.1732    2       1           0.5354572   0.79        1          
  "VIPERS 101132146" 101132146   31.1406715   -5.9297075   21.9807   0.0199      W1P199     4          0.4964   3.5    3.3987    2       1           0.28309     0.89        1          
  "VIPERS 101132195" 101132195   30.6352733   -5.930187    22.4389   0.0281      W1P197     4          0.8662   2.4    2.8374    2       1           0.6014499   0.8787879   1          
  "VIPERS 101132330" 101132330   30.8739574   -5.9274911   22.3924   0.0401      W1P198     4          1.0226   2.4    5.8215    2       1           0.305831    0.61        1          
  "VIPERS 101132331" 101132331   30.9214246   -5.9281854   20.7601   0.0081      W1P199     3          0.546    4.4    2.058     2       1           0.2734463   0.93        1          
  "VIPERS 101132374" 101132374   30.4122673   -5.9283191   20.8147   0.0086      W1P197     3          0.52     4.4    2.8165    2       1           0.6354299   0.959596    1          
  "VIPERS 101132385" 101132385   30.9937998   -5.9283437   21.8123   0.0228      W1P199     3          0.5004   2.5    3.4934    2       1           0.6010778   0.76        1          
  "VIPERS 101132452" 101132452   30.6682298   -5.9280501   21.5181   0.015       W1P198     3          0.6978   4.5    2.3156    2       1           0.5891182   0.979798    1          
  "VIPERS 101132464" 101132464   30.6254563   -5.9277776   20.7894   0.0093      W1P197     4          0.6748   3.4    2.4864    2       1           0.5974392   0.989899    1          
  "VIPERS 101132480" 101132480   30.3917461   -5.9285773   22.2523   0.0324      W1P197     3          0.6904   4.4    1.7235    2       1           0.4111839   0.96        1          
  "VIPERS 101132490" 101132490   30.5451736   -5.9279352   21.2565   0.0119      W1P197     4          0.5211   3.4    2.2538    2       1           0.4098712   0.96        1          
  "VIPERS 101132596" 101132596   30.59491     -5.927733    22.2747   0.0467      W1P197     4          0.7337   1.5    5.8136    2       1           0.4756621   0.9090909   1          
  "VIPERS 101132654" 101132654   30.9244998   -5.92723     21.5509   0.0173      W1P199     3          0.5753   1.5    3.7803    2       1           0.2768416   0.8888889   1          
  "VIPERS 101132780" 101132780   30.653065    -5.926565    20.6862   0.0087      W1P198     3          0.4859   3.5    2.4655    2       1           0.5396901   0.85        1          
  "VIPERS 101132899" 101132899   30.4801491   -5.9246737   20.6359   0.0094      W1P197     3          0.6869   4.2    2.6023    2       1           0.4182228   0.99        1          
  "VIPERS 101132970" 101132970   31.1278733   -5.9261971   22.4223   0.0343      W1P199     4          1.0118   1.5    4.0977    2       1           0.4009415   0.62        1          
  "VIPERS 101133019" 101133019   30.7041978   -5.9260126   22.2565   0.0235      W1P198     3          0.5868   2.2    3.138     2       1           0.5654024   0.71        1          
  "VIPERS 101133091" 101133091   30.4714309   -5.9252314   21.3056   0.014       W1P197     3          0.6885   3.5    2.4453    2       1           0.3229973   0.979798    1          
  "VIPERS 101133105" 101133105   30.8996041   -5.9249171   21.9743   0.0323      W1P198     4          0.7548   3.2    3.5335    2       1           0.4756636   0.89        1          
  "VIPERS 101133140" 101133140   30.5925433   -5.924352    22.236    0.0331      W1P197     4          0.7539   2.5    3.2878    2       1           0.5446149   0.85        1          
  "VIPERS 101133211" 101133211   30.7154518   -5.9246055   21.7091   0.0164      W1P198     3          0.9378   4.5    2.7381    2       1           0.6532755   0.88        1          
  "VIPERS 101133212" 101133212   31.1138012   -5.9219604   21.9645   0.0212      W1P199     4          0.7997   2.5    3.2017    2       1           0.4134533   0.87        1          
  "VIPERS 101133231" 101133231   31.0655445   -5.9241401   20.8143   0.0089      W1P199     4          0.6457   4.5    2.7248    2       1           0.5938568   0.92        1          
  "VIPERS 101133263" 101133263   30.6343045   -5.9245417   21.5275   0.0137      W1P198     3          0.7367   4.4    4.3851    2       1           0.6274754   0.92        1          
  "VIPERS 101133322" 101133322   30.8237519   -5.9203777   22.3524   0.0379      W1P198     4          0.5524   4.5    2.5631    2       1           0.7524445   0.98        1          
  "VIPERS 101133342" 101133342   30.5844842   -5.9243849   22.4222   0.0307      W1P197     4          0.6062   4.2    2.6699    2       1           0.3942782   0.96        1          
  "VIPERS 101133350" 101133350   30.9883251   -5.9244149   22.3102   0.0276      W1P199     3          0.9037   2.5    1.5635    2       1           0.6700503   0.7272727   1          
  "VIPERS 101133493" 101133493   30.7915572   -5.9236607   22.4842   0.0312      W1P198     4          0.6835   2.5    3.9391    2       1           0.5428482   0.8585859   1          
  "VIPERS 101133674" 101133674   30.5802109   -5.9204977   19.9754   0.0056      W1P197     4          0.6053   4.5    4.5868    2       1           0.3450655   0.99        1          
  "VIPERS 101133735" 101133735   30.6317034   -5.9219441   21.4654   0.0147      W1P197     4          0.7132   4.5    1.7564    2       1           0.5768746   0.96        1          
  "VIPERS 101133741" 101133741   30.8976954   -5.9219022   21.2219   0.0116      W1P199     3          0.4579   3.2    2.2664    2       1           0.4567344   0.84        1          
  "VIPERS 101133882" 101133882   30.5677524   -5.9209644   22.1295   0.0299      W1P197     4          0.8619   3.5    3.7633    2       1           0.5252043   0.87        1          
  "VIPERS 101133901" 101133901   30.4074137   -5.9213588   21.9228   0.0277      W1P197     3          0.8541   1.4    6.8828    2       1           0.5853136   0.92        1          
  "VIPERS 101133973" 101133973   30.9404307   -5.9202767   21.4919   0.0213      W1P199     3          0.9374   2.5    6.589     2       1           0.3137423   0.85        1          
  "VIPERS 101134000" 101134000   30.9228925   -5.9206949   20.9808   0.0085      W1P199     3          0.5461   4.4    3.0095    2       1           0.2442281   0.969697    1          
  "VIPERS 101134076" 101134076   30.6182538   -5.9210842   22.1751   0.0291      W1P197     4          0.9138   1.2    2.3562    2       1           0.6311058   0.94        1          
  "VIPERS 101134158" 101134158   30.8540351   -5.9206224   22.3243   0.0259      W1P198     4          0.6047   1.5    2.0852    2       1           0.2756437   0.81        1          
  "VIPERS 101134168" 101134168   30.4853561   -5.9190362   21.3802   0.0176      W1P197     3          0.5427   2.4    5.1386    2       1           0.415935    0.969697    1          
  "VIPERS 101134177" 101134177   31.1553626   -5.9194562   21.1901   0.0124      W1P199     4          0.653    3.5    5.7913    2       1           0.4375037   0.96        1          
  "VIPERS 101134201" 101134201   30.5880445   -5.9201451   22.1286   0.0234      W1P197     4          0.6054   3.2    2.5736    2       1           0.4745518   0.8686869   1          
  "VIPERS 101134220" 101134220   30.4400867   -5.9195548   21.258    0.0147      W1P197     3          0.689    3.2    3.1344    2       1           0.2465994   0.94        1          
  "VIPERS 101134266" 101134266   30.9810117   -5.9199863   22.4701   0.0275      W1P199     3          0.6163   2.2    2.0108    2       1           0.4724994   0.71        1          
  "VIPERS 101134299" 101134299   31.1425875   -5.9189942   21.5867   0.0193      W1P199     4          0.6132   4.5    3.5481    2       1           0.3700293   0.95        1          
  "VIPERS 101134312" 101134312   30.5392252   -5.9170774   18.2761   0.0011      W1P197     4          0.0      3.4    1.4813    2       1           0.0         0.0         -1         
  "VIPERS 101134405" 101134405   31.1472967   -5.9192517   22.4757   0.0277      W1P199     4          0.5827   1.2    3.0361    2       1           0.3785568   0.6         1          
  "VIPERS 101134594" 101134594   30.6507328   -5.9181352   22.0241   0.0224      W1P198     3          1.0646   1.2    4.0391    2       1           0.4595752   0.66        1          
  "VIPERS 101134611" 101134611   30.54249     -5.9165006   21.4197   0.0207      W1P197     4          0.7261   3.5    4.1719    2       1           0.4367034   0.9191919   1          
  "VIPERS 101134618" 101134618   31.1158232   -5.9177308   22.3972   0.037       W1P199     4          0.7859   2.5    4.2151    2       1           0.3879956   0.74        1          
  "VIPERS 101134683" 101134683   30.6140688   -5.9179425   22.0114   0.0218      W1P197     4          0.0      3.2    1.5745    2       1           0.0         0.0         -1         
  "VIPERS 101134688" 101134688   30.8034963   -5.9178503   22.4053   0.0317      W1P198     4          0.5458   4.5    2.1255    2       1           0.5300381   0.8585859   1          
  "VIPERS 101134715" 101134715   30.9662013   -5.9170001   21.193    0.011       W1P199     3          0.7579   4.4    2.7445    2       1           0.4817348   0.989899    1          
  "VIPERS 101134734" 101134734   30.5632095   -5.9165739   21.5975   0.0209      W1P197     4          0.6878   4.4    3.27      2       1           0.5547211   0.96        1          
  "VIPERS 101134785" 101134785   30.5569979   -5.9170274   21.5019   0.0185      W1P197     4          0.5671   3.2    4.9667    2       1           0.5745186   0.91        1          
  "VIPERS 101134788" 101134788   30.5310218   -5.9176517   22.4884   0.0292      W1P197     4          0.68     4.4    1.8334    2       1           0.6910744   0.95        1          
  "VIPERS 101134842" 101134842   30.8649451   -5.916595    21.2707   0.0107      W1P198     4          0.542    4.4    2.7505    2       1           0.5634428   0.99        1          
  "VIPERS 101134928" 101134928   31.1187501   -5.9163763   22.2008   0.0238      W1P199     4          0.6492   3.5    2.4881    2       1           0.4387903   0.85        1          
  "VIPERS 101135016" 101135016   30.4353991   -5.9147427   21.7271   0.0245      W1P197     3          0.6308   3.2    2.8506    2       1           0.3731403   0.9090909   1          
  "VIPERS 101135088" 101135088   30.646877    -5.9156511   22.2703   0.0302      W1P198     3          0.7365   3.5    2.8335    2       1           0.475723    0.959596    1          
  "VIPERS 101135179" 101135179   30.8816532   -5.9143393   20.7665   0.0095      W1P198     4          0.5496   3.5    2.6583    2       1           0.4515154   0.959596    1          
  "VIPERS 101135240" 101135240   30.4258415   -5.9150703   21.3214   0.0109      W1P197     3          0.5203   4.4    1.4401    2       1           0.8580356   1.0         1          
  "VIPERS 101135451" 101135451   30.8674532   -5.9138462   22.2918   0.0286      W1P198     4          0.7452   4.4    2.417     2       1           0.6195419   0.979798    1          
  "VIPERS 101135567" 101135567   30.5291335   -5.9123127   21.51     0.0294      W1P197     4          0.8943   2.2    5.9672    2       1           0.7067244   0.88        1          
  "VIPERS 101135568" 101135568   30.6059135   -5.9136959   22.2291   0.048       W1P197     4          0.6176   1.2    4.9437    2       1           0.4747468   0.6969697   1          
  "VIPERS 101135601" 101135601   30.8439655   -5.9136528   22.0      0.0188      W1P198     4          0.3523   2.2    1.9179    2       1           0.6701833   0.74        1          
  "VIPERS 101135610" 101135610   30.4003339   -5.9134363   22.2304   0.0288      W1P197     3          0.6477   4.5    1.8739    2       1           0.6620597   0.8282828   1          
  "VIPERS 101135763" 101135763   30.6623827   -5.9107909   20.4228   0.009       W1P198     3          0.4073   1.4    9.4115    2       1           0.378527    0.9         1          
  "VIPERS 101135766" 101135766   30.4556103   -5.9099349   19.9265   0.0061      W1P197     3          0.6877   4.2    3.7602    2       1           0.271723    0.99        1          
  "VIPERS 101135767" 101135767   30.9557209   -5.9129295   21.8914   0.0232      W1P199     3          0.7058   3.5    2.1869    2       1           0.5787411   0.89        1          
  "VIPERS 101135789" 101135789   30.4880367   -5.9123493   22.2969   0.0341      W1P197     3          0.5432   4.5    2.406     2       1           0.4199562   0.9191919   1          
  "VIPERS 101135873" 101135873   30.4272135   -5.9124914   22.3788   0.0255      W1P197     3          0.5208   3.2    1.5489    2       1           0.7857108   0.84        1          
  "VIPERS 101135924" 101135924   30.4290666   -5.9084795   19.5346   0.003       W1P197     3          1.739    13.2   1.4132    2       1           0.6890837   0.9         1          
  "VIPERS 101136074" 101136074   30.7839186   -5.9103489   21.0194   0.0131      W1P198     4          0.5431   2.2    5.9214    2       1           0.4234244   0.97        1          
  "VIPERS 101136075" 101136075   30.893338    -5.9076039   21.8227   0.0217      W1P198     4          0.6366   4.2    3.3819    2       1           0.3534268   0.94        1          
  "VIPERS 101136135" 101136135   31.0915085   -5.9095884   21.4228   0.0182      W1P199     4          0.6882   4.4    3.1839    2       1           0.7115932   0.91        1          
  "VIPERS 101136251" 101136251   30.6400519   -5.9102217   22.4155   0.0354      W1P198     3          0.6986   4.2    5.244     2       1           0.5999874   0.84        1          
  "VIPERS 101136325" 101136325   30.807231    -5.9097577   21.6614   0.0199      W1P198     4          0.9213   2.5    2.2767    2       1           0.5179481   0.97        1          
  "VIPERS 101136326" 101136326   30.4090143   -5.909574    21.6156   0.0156      W1P197     3          0.7334   4.4    1.8698    2       1           0.4452089   0.959596    1          
  "VIPERS 101136350" 101136350   30.8587774   -5.9096382   21.6481   0.0186      W1P198     4          0.9307   2.4    7.274     2       1           0.5699134   0.959596    1          
  "VIPERS 101136401" 101136401   30.4667271   -5.9093739   22.4591   0.0419      W1P197     3          0.7065   9.2    2.7534    2       1           0.2941347   0.64        1          
  "VIPERS 101136416" 101136416   30.6903347   -5.9093609   22.3254   0.0379      W1P198     3          1.0272   2.5    2.8416    2       1           0.4287355   0.34        1          
  "VIPERS 101136423" 101136423   30.5817309   -5.9098169   22.4205   0.0306      W1P197     4          1.0644   9.2    2.3721    2       1           0.3040018   0.77        1          
  "VIPERS 101136485" 101136485   30.3986187   -5.9094649   22.415    0.0333      W1P197     3          0.5752   2.5    2.0354    2       1           0.7226239   0.6565657   1          
  "VIPERS 101136520" 101136520   30.4109595   -5.9072073   22.262    0.0438      W1P197     3          0.736    3.5    5.4302    2       1           0.4847218   0.93        1          
  "VIPERS 101136644" 101136644   31.0767336   -5.90572     19.8491   0.0042      W1P199     4          0.0      4.2    4.5296    2       1           0.5175997   0.0         1          
  "VIPERS 101136683" 101136683   30.9122028   -5.9086856   21.7161   0.0216      W1P199     3          0.918    3.4    5.2029    2       1           0.1753994   0.7474747   1          
  "VIPERS 101136695" 101136695   30.3935803   -5.9059268   20.4747   0.0062      W1P197     3          0.0      4.2    1.5632    2       1           0.6478926   0.0         1          
  "VIPERS 101136746" 101136746   30.3878373   -5.9078546   21.6696   0.0198      W1P197     3          0.5735   3.4    1.8958    2       1           0.3051582   0.94        1          
  "VIPERS 101136860" 101136860   30.8862014   -5.9070323   22.0119   0.0246      W1P198     4          0.8953   3.5    4.0188    2       1           0.4102231   0.8383838   1          
  "VIPERS 101136863" 101136863   30.7083538   -5.9077794   22.3831   0.0356      W1P198     3          0.9365   3.5    3.3957    2       1           0.5368357   0.8080808   1          
  "VIPERS 101136864" 101136864   30.8770483   -5.9072556   21.4461   0.0131      W1P198     4          0.7285   2.5    2.8883    2       1           0.5856841   0.99        1          
  "VIPERS 101137023" 101137023   30.6236696   -5.9044474   21.353    0.0188      W1P197     4          0.5209   3.5    2.7632    2       1           0.4484467   0.989899    1          
  "VIPERS 101137068" 101137068   30.8370903   -5.9065965   22.3619   0.0398      W1P198     4          1.0235   2.5    2.5436    2       1           0.7358333   0.7676768   1          
  "VIPERS 101137161" 101137161   30.6007423   -5.9055418   22.3011   0.0555      W1P197     4          0.7942   1.4    8.2047    2       1           0.3661153   0.979798    1          
  "VIPERS 101137173" 101137173   30.7493294   -5.9060707   22.4983   0.0396      W1P198     3          0.6415   1.2    4.196     2       1           0.4236354   0.7676768   1          
  "VIPERS 101137244" 101137244   30.5865469   -5.9054236   21.3548   0.0152      W1P197     4          0.4858   2.4    2.5893    2       1           0.3728165   0.96        1          
  "VIPERS 101137354" 101137354   30.9109048   -5.9047987   22.0741   0.0285      W1P199     3          0.9357   3.5    2.9015    2       1           0.1897637   0.7575758   1          
  "VIPERS 101137366" 101137366   30.6770197   -5.9040784   20.399    0.0066      W1P198     3          0.4735   3.5    2.4101    2       1           0.4485054   0.93        1          
  "VIPERS 101137390" 101137390   30.7278561   -5.9043833   21.6269   0.0233      W1P198     3          0.6685   2.5    2.2       2       1           0.7116563   0.8585859   1          
  "VIPERS 101137434" 101137434   30.8952793   -5.9041072   21.1059   0.0107      W1P199     3          0.5589   4.2    2.4498    2       1           0.348055    0.97        1          
  "VIPERS 101137515" 101137515   30.9525236   -5.9045174   22.096    0.0217      W1P199     3          0.6492   4.4    2.7505    2       1           0.5342755   0.89        1          
  "VIPERS 101137528" 101137528   30.6018261   -5.9041307   22.3345   0.0307      W1P197     4          0.6267   4.4    4.99      2       1           0.3094406   0.96        1          
  "VIPERS 101137538" 101137538   30.4058945   -5.9025076   20.5389   0.0084      W1P197     3          0.523    4.4    2.7401    2       1           0.35987     0.98        1          
  "VIPERS 101137576" 101137576   31.1381295   -5.9016534   20.0014   0.0056      W1P199     4          0.6353   4.4    3.3032    2       1           0.337442    0.96        1          
  "VIPERS 101137590" 101137590   31.0829945   -5.9029732   21.8757   0.0304      W1P199     4          0.6877   1.4    8.5156    2       1           0.5076288   0.94        1          
  "VIPERS 101137631" 101137631   30.7376418   -5.9037014   22.1263   0.0297      W1P198     3          0.5278   1.2    3.2666    2       1           0.5853599   0.68        1          
  "VIPERS 101137640" 101137640   30.6662443   -5.902651    20.7099   0.0072      W1P198     3          0.4865   4.5    2.0516    2       1           0.4626552   0.969697    1          
  "VIPERS 101137726" 101137726   30.9509912   -5.9028241   20.1896   0.0054      W1P199     3          0.4306   4.2    3.9969    2       1           0.5332163   0.96        1          
  "VIPERS 101137772" 101137772   30.4472692   -5.9029539   21.8033   0.0152      W1P197     3          0.6314   4.5    1.395     2       1           0.2797146   0.99        1          
  "VIPERS 101137782" 101137782   31.084622    -5.9020331   20.9865   0.0124      W1P199     4          0.6881   3.4    2.9802    2       1           0.4882996   0.959596    1          
  "VIPERS 101137783" 101137783   30.9826477   -5.9024832   19.7303   0.0031      W1P199     3          0.0      4.2    1.9167    2       1           0.4272933   0.0         1          
  "VIPERS 101137792" 101137792   30.8514582   -5.9032235   22.1319   0.0212      W1P198     4          0.7586   3.5    1.8324    2       1           0.618805    0.94        1          
  "VIPERS 101137842" 101137842   30.7428662   -5.9025742   22.4948   0.0472      W1P198     3          0.3642   2.2    4.4535    2       1           0.4305406   0.25        1          
  "VIPERS 101137852" 101137852   31.1361515   -5.9019283   21.5692   0.0162      W1P199     4          0.6351   4.5    2.9104    2       1           0.3814306   0.96        1          
  "VIPERS 101137903" 101137903   30.8500237   -5.9024487   22.0738   0.0217      W1P198     4          0.7614   3.5    2.0249    2       1           0.6926184   0.9         1          
  "VIPERS 101137940" 101137940   30.8427951   -5.9024629   22.4176   0.031       W1P198     4          0.6207   1.2    3.23      2       1           0.8237649   0.7070707   1          
  "VIPERS 101138022" 101138022   30.431278    -5.9014211   21.6983   0.0231      W1P197     3          0.5728   2.2    3.2461    2       1           0.6675917   0.9494949   1          
  "VIPERS 101138168" 101138168   30.5467038   -5.8990521   20.0176   0.0059      W1P197     4          0.7167   4.5    6.1377    2       1           0.220124    0.979798    1          
  "VIPERS 101138229" 101138229   30.5496211   -5.9005546   20.9432   0.0081      W1P197     4          0.5208   4.5    1.8035    2       1           0.231038    1.0         1          
  "VIPERS 101138378" 101138378   31.0051207   -5.9000558   22.218    0.039       W1P199     3          1.2031   2.5    6.2283    2       1           0.3101596   0.5555556   1          
  "VIPERS 101138526" 101138526   30.7959208   -5.8990631   21.5349   0.0199      W1P198     4          0.6501   4.4    7.7322    2       1           0.4883078   0.97        1          
  "VIPERS 101138716" 101138716   30.7901175   -5.8974207   19.7456   0.0033      W1P198     4          2.5851   13.2   1.5987    2       1           0.0         0.0         -1         
  "VIPERS 101138772" 101138772   31.1310697   -5.8982506   21.8719   0.0212      W1P199     4          0.7574   1.4    5.6816    2       1           0.4884814   0.8686869   1          
  "VIPERS 101138794" 101138794   30.7095527   -5.8983141   21.9114   0.021       W1P198     3          0.8911   3.4    4.7202    2       1           0.6251024   0.87        1          
  "VIPERS 101138818" 101138818   30.3761703   -5.8982755   22.0537   0.0199      W1P197     3          0.8177   4.5    1.8607    2       1           0.2355432   0.8484848   1          
  "VIPERS 101138960" 101138960   30.9367935   -5.8974423   22.0871   0.0205      W1P199     3          0.7573   4.5    1.9904    2       1           0.3382892   0.87        1          
  "VIPERS 101138969" 101138969   30.8800351   -5.8969645   21.2691   0.0118      W1P198     4          0.6445   2.2    2.9449    2       1           0.4488525   0.92        1          
  "VIPERS 101138979" 101138979   31.0793351   -5.8964817   21.9269   0.0282      W1P199     4          0.9988   2.5    3.4978    2       1           0.4576088   0.92        1          
  "VIPERS 101138980" 101138980   31.0813911   -5.8965574   21.4443   0.0179      W1P199     4          0.5113   4.5    2.8793    2       1           0.4636292   0.98        1          
  "VIPERS 101139027" 101139027   30.7221194   -5.8972717   22.1261   0.0261      W1P198     3          0.7121   4.2    1.7549    2       1           0.6579715   0.88        1          
  "VIPERS 101139138" 101139138   30.6483154   -5.8952881   21.8024   0.0264      W1P198     3          0.5537   1.5    4.1045    2       1           0.4851929   0.78        1          
  "VIPERS 101139164" 101139164   31.093818    -5.8956141   21.8101   0.0207      W1P199     4          0.5139   2.2    5.4289    2       1           0.6013833   0.969697    1          
  "VIPERS 101139218" 101139218   31.0995135   -5.8956228   21.6978   0.0163      W1P199     4          0.5553   4.5    3.1748    2       1           0.3617241   0.97        1          
  "VIPERS 101139341" 101139341   30.4688734   -5.8955381   21.429    0.0125      W1P197     3          0.6322   3.4    1.7095    2       1           0.4918215   0.98        1          
  "VIPERS 101139492" 101139492   31.0582086   -5.8938357   20.9922   0.0106      W1P199     4          0.5273   4.5    2.5832    2       1           0.3250854   0.959596    1          
  "VIPERS 101139572" 101139572   30.4512208   -5.8946841   21.993    0.0233      W1P197     3          0.5228   4.2    1.8026    2       1           0.6097988   0.96        1          
  "VIPERS 101139573" 101139573   31.095516    -5.8937819   20.9241   0.0082      W1P199     4          0.557    4.2    2.7538    2       1           0.5053664   0.98        1          
  "VIPERS 101139593" 101139593   30.6166144   -5.8926844   20.9664   0.0166      W1P197     4          0.8435   4.5    4.6562    2       1           0.3881649   0.96        1          
  "VIPERS 101139607" 101139607   30.685536    -5.8929225   21.4328   0.0158      W1P198     3          0.469    1.4    2.9988    2       1           0.4871964   0.8585859   1          
  "VIPERS 101139640" 101139640   30.3955377   -5.8941225   21.9341   0.0402      W1P197     3          0.5121   1.2    5.1694    2       1           0.7577884   0.87        1          
  "VIPERS 101139676" 101139676   30.4568252   -5.8942493   22.3266   0.026       W1P197     3          0.6888   2.5    1.8323    2       1           0.6473631   0.85        1          
  "VIPERS 101139776" 101139776   31.063231    -5.8935574   22.4764   0.0357      W1P199     4          0.6448   4.4    2.7548    2       1           0.339028    0.93        1          
  "VIPERS 101139841" 101139841   30.8836337   -5.8930729   22.3818   0.0307      W1P198     4          0.7818   2.4    3.31      2       1           0.3855571   0.8383838   1          
  "VIPERS 101139925" 101139925   30.636994    -5.8928541   21.8126   0.0175      W1P197     4          0.7264   4.4    1.9345    2       1           0.5255642   0.93        1          
  "VIPERS 101140002" 101140002   30.4829293   -5.8924648   21.5958   0.0202      W1P197     3          0.5993   2.5    1.7043    2       1           0.5482067   0.92        1          
  "VIPERS 101140066" 101140066   30.4036452   -5.8923145   22.1739   0.0239      W1P197     3          0.8608   3.5    1.6798    2       1           0.3656242   0.86        1          
  "VIPERS 101140153" 101140153   30.8893523   -5.8919868   22.1118   0.0209      W1P198     4          0.9148   2.4    1.9046    2       1           0.2536624   0.9         1          
  "VIPERS 101140232" 101140232   30.8849437   -5.8914758   22.123    0.0257      W1P198     4          0.6996   4.4    3.7124    2       1           0.3463564   0.96        1          
  "VIPERS 101140263" 101140263   30.7391394   -5.8915001   22.1328   0.0326      W1P198     3          0.9231   9.5    5.6288    2       1           0.4238051   0.82        1          
  "VIPERS 101140269" 101140269   30.7479222   -5.8913209   21.334    0.0125      W1P198     3          0.7127   3.4    2.3027    2       1           0.3186074   0.8686869   1          
  "VIPERS 101140320" 101140320   30.8703296   -5.8905184   21.4265   0.0131      W1P198     4          0.6759   4.4    2.0457    2       1           0.5505836   0.99        1          
  "VIPERS 101140369" 101140369   30.5969333   -5.8887054   20.4718   0.0084      W1P197     4          0.5456   4.5    4.4117    2       1           0.3777102   0.969697    1          
  "VIPERS 101140425" 101140425   30.9630876   -5.8897069   21.2791   0.0116      W1P199     3          0.8971   4.2    2.6117    2       1           0.4980496   0.98        1          
  "VIPERS 101140462" 101140462   30.4440503   -5.8862032   20.5975   0.0099      W1P197     3          0.5733   4.4    3.2445    2       1           0.9119276   0.969697    1          
  "VIPERS 101140601" 101140601   30.3847556   -5.8885029   22.3064   0.0348      W1P197     3          0.6514   4.2    2.2827    2       1           0.2321625   0.89        1          
  "VIPERS 101140809" 101140809   30.7880697   -5.8884273   21.1841   0.0119      W1P198     4          0.8263   2.5    2.5801    2       1           0.2289889   0.97        1          
  "VIPERS 101140810" 101140810   30.8614232   -5.88833     21.47     0.0168      W1P198     4          0.7096   3.4    2.143     2       1           0.4978872   0.99        1          
  "VIPERS 101140860" 101140860   30.5449525   -5.8872061   21.6242   0.0275      W1P197     4          1.1877   9.2    3.4354    2       1           0.2229519   0.97        1          
  "VIPERS 101140882" 101140882   30.7945479   -5.8881482   22.2665   0.0364      W1P198     4          0.9073   1.5    7.3327    2       1           0.3752338   0.76        1          
  "VIPERS 101140896" 101140896   30.8219048   -5.8879608   21.4207   0.0139      W1P198     4          0.8093   3.4    2.4257    2       1           0.4354503   1.0         1          
  "VIPERS 101140932" 101140932   30.6450636   -5.8880764   22.187    0.0281      W1P198     3          0.2882   4.2    2.9594    2       1           0.4295488   0.95        1          
  "VIPERS 101140945" 101140945   30.7187498   -5.8878955   21.7424   0.0238      W1P198     3          0.8393   2.5    2.6103    2       1           0.620608    0.87        1          
  "VIPERS 101140951" 101140951   30.7003377   -5.8880628   22.2992   0.0256      W1P198     3          0.9822   3.4    1.6754    2       1           0.6178095   0.5757576   1          
  "VIPERS 101141007" 101141007   30.7239435   -5.8868542   20.4625   0.0078      W1P198     3          0.5236   4.4    2.3321    2       1           0.5383391   0.98        1          
  "VIPERS 101141009" 101141009   30.6576222   -5.888046    22.4837   0.0326      W1P198     3          0.5824   4.5    2.2176    2       1           0.5956667   0.88        1          
  "VIPERS 101141038" 101141038   30.8412717   -5.8870458   20.6818   0.0069      W1P198     4          0.6026   4.4    2.0669    2       1           0.5005335   0.98        1          
  "VIPERS 101141110" 101141110   31.1461249   -5.8862631   21.7635   0.021       W1P199     4          0.9218   2.2    4.966     2       1           0.3105047   0.88        1          
  "VIPERS 101141124" 101141124   30.8108372   -5.8873514   22.3017   0.0363      W1P198     4          0.9208   9.2    3.6015    2       1           0.5730902   0.88        1          
  "VIPERS 101141159" 101141159   30.4532886   -5.8871219   22.4069   0.0285      W1P197     3          0.6352   4.4    1.6267    2       1           0.9703161   0.9393939   1          
  "VIPERS 101141202" 101141202   30.4748924   -5.8863687   21.6939   0.0209      W1P197     3          0.7543   4.5    2.1085    2       1           0.635285    0.98        1          
  "VIPERS 101141453" 101141453   30.6801885   -5.8849686   20.1836   0.0051      W1P198     3          0.3603   2.2    1.751     2       1           0.4223945   0.94        1          
  "VIPERS 101141546" 101141546   30.4491904   -5.8853527   22.4333   0.0315      W1P197     3          0.575    1.4    2.2592    2       1           1.0         0.9         1          
  "VIPERS 101141576" 101141576   31.1522382   -5.8849264   21.6698   0.0184      W1P199     4          0.5468   2.5    2.7831    2       1           0.5269274   0.82        1          
  "VIPERS 101141577" 101141577   30.620366    -5.8843008   21.7402   0.0232      W1P197     4          0.737    3.2    2.7411    2       1           0.5070663   0.97        1          
  "VIPERS 101141578" 101141578   30.9648418   -5.8850685   21.9139   0.0201      W1P199     3          0.4629   3.4    2.5942    2       1           0.4719227   0.89        1          
  "VIPERS 101141631" 101141631   30.9789919   -5.8840666   20.6463   0.0065      W1P199     3          0.616    4.5    1.7521    2       1           0.3254428   0.9191919   1          
  "VIPERS 101142033" 101142033   30.7461483   -5.8831663   22.1246   0.0263      W1P198     3          0.5672   2.2    3.0017    2       1           0.2676104   0.7676768   1          
  "VIPERS 101142044" 101142044   30.5789108   -5.8806779   20.0095   0.0058      W1P197     4          0.5416   4.5    4.4321    2       1           0.3985937   1.0         1          
  "VIPERS 101142062" 101142062   30.5273898   -5.8822836   20.9311   0.0101      W1P197     4          0.5982   3.4    4.1166    2       1           0.2956345   0.96        1          
  "VIPERS 101142308" 101142308   30.908915    -5.8820002   22.4482   0.0305      W1P199     3          0.9352   2.5    2.9143    2       1           0.4124526   0.94        1          
  "VIPERS 101142320" 101142320   30.9227596   -5.8814148   22.3076   0.0297      W1P199     3          0.5385   1.4    3.3573    2       1           0.6019221   0.7         1          
  "VIPERS 101142491" 101142491   30.5255019   -5.8805341   21.5856   0.0168      W1P197     4          0.8984   3.5    2.8233    2       1           0.2796857   0.96        1          
  "VIPERS 101142670" 101142670   30.4602866   -5.8773194   20.1158   0.0067      W1P197     3          0.6352   4.4    2.4219    2       1           0.7948835   1.0         1          
  "VIPERS 101142775" 101142775   30.793306    -5.8786224   22.1305   0.0368      W1P198     4          0.9094   9.5    3.8361    2       1           0.3088652   0.969697    1          
  "VIPERS 101142833" 101142833   31.1293189   -5.8776264   21.5033   0.0162      W1P199     4          0.6584   4.4    3.2055    2       1           0.2699805   0.98        1          
  "VIPERS 101142885" 101142885   30.8755706   -5.8785242   22.4285   0.0322      W1P198     4          0.915    9.5    5.349     2       1           0.4239543   0.99        1          
  "VIPERS 101143160" 101143160   30.8013824   -5.8771296   22.0657   0.0289      W1P198     4          0.9233   9.2    3.4219    2       1           0.5864423   0.8787879   1          
  "VIPERS 101143161" 101143161   30.8243179   -5.8775174   22.171    0.0249      W1P198     4          0.762    4.4    1.7744    2       1           0.4632204   0.99        1          
  "VIPERS 101143233" 101143233   31.1251405   -5.8769145   22.3365   0.0259      W1P199     4          0.9158   2.5    2.5013    2       1           0.3852033   0.98        1          
  "VIPERS 101143290" 101143290   30.6551697   -5.8759368   21.0458   0.0112      W1P198     3          0.7364   4.4    2.5277    2       1           0.6460476   0.82        1          
  "VIPERS 101143312" 101143312   30.8396536   -5.87697     22.219    0.0278      W1P198     4          0.8073   2.5    1.9897    2       1           0.4152312   0.8         1          
  "VIPERS 101143340" 101143340   31.101321    -5.8754777   20.8574   0.0087      W1P199     4          0.6518   4.5    2.7712    2       1           0.4968342   1.0         1          
  "VIPERS 101143412" 101143412   31.0974301   -5.8759172   22.1438   0.0289      W1P199     4          0.9186   2.5    2.5134    2       1           0.4964393   0.79        1          
  "VIPERS 101143496" 101143496   30.891915    -5.8746338   21.847    0.0256      W1P198     4          0.7293   2.5    3.5458    2       1           0.2918103   0.8888889   1          
  "VIPERS 101143598" 101143598   30.6703885   -5.8751842   22.4659   0.031       W1P198     3          0.7566   4.5    1.869     2       1           0.517626    0.9090909   1          
  "VIPERS 101143689" 101143689   30.608814    -5.8748778   21.6587   0.0172      W1P197     4          0.728    4.5    2.015     2       1           0.4790382   0.989899    1          
  "VIPERS 101143699" 101143699   31.0458811   -5.8733065   20.7255   0.0085      W1P199     4          0.5509   4.2    2.528     2       1           0.6833667   1.0         1          
  "VIPERS 101143714" 101143714   31.0875262   -5.8744806   21.8629   0.0191      W1P199     4          0.8026   4.4    2.0931    2       1           0.4443302   0.94        1          
  "VIPERS 101143717" 101143717   31.0561967   -5.873819    21.6902   0.0218      W1P199     4          0.5115   2.2    5.4002    2       1           0.5206314   0.9         1          
  "VIPERS 101143730" 101143730   31.0888493   -5.8734253   20.5037   0.0063      W1P199     4          0.797    4.2    3.7748    2       1           0.4612606   0.95        1          
  "VIPERS 101143773" 101143773   30.8785135   -5.8744486   22.4331   0.0368      W1P198     4          0.7013   2.4    4.093     2       1           0.3960064   0.8787879   1          
  "VIPERS 101143775" 101143775   30.5750522   -5.8742024   21.4787   0.0136      W1P197     4          0.5414   3.5    2.5665    2       1           0.5447093   0.9393939   1          
  "VIPERS 101143815" 101143815   30.5704604   -5.8743808   22.3494   0.0257      W1P197     4          0.569    3.2    1.7818    2       1           0.6440207   0.9292929   1          
  "VIPERS 101143843" 101143843   31.1073216   -5.873537    21.6022   0.0152      W1P199     4          0.6582   4.5    2.2673    2       1           0.4843048   0.959596    1          
  "VIPERS 101143877" 101143877   30.4222738   -5.8727481   22.1232   0.0378      W1P197     3          0.5227   2.5    3.3546    2       1           0.2974604   0.96        1          
  "VIPERS 101144066" 101144066   30.4138502   -5.8730071   22.181    0.0242      W1P197     3          0.5262   4.2    1.4206    2       1           0.3961627   0.9292929   1          
  "VIPERS 101144075" 101144075   30.6032955   -5.8722689   21.2129   0.0125      W1P197     4          0.7272   3.4    6.1447    2       1           0.5003247   1.0         1          
  "VIPERS 101144110" 101144110   30.8059385   -5.8678532   21.5002   0.017       W1P198     4          0.9048   3.5    2.2794    2       1           0.6000523   1.0         1          
  "VIPERS 101144152" 101144152   30.7412821   -5.8727267   21.7369   0.0146      W1P198     3          0.7276   3.4    1.6676    2       1           0.2330554   0.81        1          
  "VIPERS 101144159" 101144159   30.3788788   -5.8715226   21.7388   0.0325      W1P197     3          0.7563   1.2    5.1419    2       1           0.3847601   0.86        1          
  "VIPERS 101144211" 101144211   30.6105017   -5.8720343   22.4722   0.0366      W1P197     4          0.71     3.2    2.5249    2       1           0.4641512   0.95        1          
  "VIPERS 101144244" 101144244   30.5941097   -5.8694539   20.1585   0.0067      W1P197     4          0.489    3.5    3.7927    2       1           0.6600571   0.98        1          
  "VIPERS 101144245" 101144245   30.5607473   -5.8709641   22.1457   0.0382      W1P197     4          0.8678   2.5    3.6476    2       1           0.4969769   0.96        1          
  "VIPERS 101144342" 101144342   30.6642187   -5.8712557   21.652    0.0203      W1P198     3          0.8668   2.5    3.5724    2       1           0.6127048   0.7         1          
  "VIPERS 101144353" 101144353   30.6883346   -5.870555    21.3984   0.0186      W1P198     3          0.8002   2.5    2.6244    2       1           0.3957952   0.81        1          
  "VIPERS 101144364" 101144364   30.6117267   -5.8714192   22.1475   0.0389      W1P197     4          0.7484   2.2    5.5832    2       1           0.5056596   0.83        1          
  "VIPERS 101144388" 101144388   30.9542381   -5.8712987   21.874    0.0192      W1P199     3          0.8999   4.4    2.236     2       1           0.5308734   0.84        1          
  "VIPERS 101144393" 101144393   31.1118585   -5.8705629   22.273    0.0375      W1P199     4          0.9098   2.5    3.4346    2       1           0.4976008   0.77        1          
  "VIPERS 101144434" 101144434   30.9589788   -5.8710913   22.1553   0.0229      W1P199     3          0.4756   4.2    1.9686    2       1           0.4475115   0.94        1          
  "VIPERS 101144474" 101144474   30.9671398   -5.8702866   20.8855   0.0105      W1P199     3          0.5433   22.5   7.3914    2       1           0.0         0.9494949   1          
  "VIPERS 101144516" 101144516   30.7138727   -5.8692858   20.6313   0.0082      W1P198     3          0.5239   3.5    3.2763    2       1           0.5876341   0.92        1          
  "VIPERS 101144570" 101144570   30.5663969   -5.8698944   20.2428   0.0054      W1P197     4          0.688    4.4    2.0145    2       1           0.6033477   1.0         1          
  "VIPERS 101144609" 101144609   30.9214208   -5.8698928   21.955    0.0234      W1P199     3          1.3766   3.4    3.1527    2       1           0.522714    0.7777778   1          
  "VIPERS 101144611" 101144611   30.9660503   -5.8702747   22.1266   0.02        W1P199     3          0.5414   2.4    3.3507    2       1           0.3685012   0.65        1          
  "VIPERS 101144639" 101144639   30.9808996   -5.87042     22.167    0.021       W1P199     3          0.6174   4.5    1.5148    2       1           0.3915926   0.6868687   1          
  "VIPERS 101144749" 101144749   30.5907758   -5.8694715   22.3109   0.0313      W1P197     4          0.773    2.4    1.9444    2       1           0.5434694   0.92        1          
  "VIPERS 101144777" 101144777   30.540554    -5.8685544   21.6614   0.017       W1P197     4          0.636    3.5    3.112     2       1           0.4448782   0.979798    1          
  "VIPERS 101144797" 101144797   31.0694682   -5.869221    22.3164   0.0357      W1P199     4          0.9213   2.4    2.2301    2       1           0.4772113   0.69        1          
  "VIPERS 101144800" 101144800   30.808397    -5.8673418   21.1581   0.0235      W1P198     4          0.9266   9.5    4.1916    2       1           0.5683562   0.88        1          
  "VIPERS 101144839" 101144839   30.9243852   -5.8678467   21.2887   0.0152      W1P199     3          0.5806   3.4    3.8133    2       1           0.4533578   0.969697    1          
  "VIPERS 101144856" 101144856   30.9380732   -5.8681567   20.8825   0.0097      W1P199     3          0.8987   4.5    2.6267    2       1           0.5270092   0.99        1          
  "VIPERS 101144879" 101144879   31.1488332   -5.8688214   22.2877   0.0241      W1P199     4          0.692    2.5    2.6763    2       1           0.5056727   0.79        1          
  "VIPERS 101144904" 101144904   30.8299015   -5.8676654   21.0419   0.013       W1P198     4          0.5423   2.5    5.2182    2       1           0.6661975   0.96        1          
  "VIPERS 101145058" 101145058   31.0614778   -5.8663764   20.1006   0.0055      W1P199     4          0.4356   4.5    3.3908    2       1           0.5788656   0.989899    1          
  "VIPERS 101145109" 101145109   30.995101    -5.8670928   21.6825   0.0193      W1P199     3          0.7886   4.5    2.2344    2       1           0.3855805   0.92        1          
  "VIPERS 101145218" 101145218   30.5830296   -5.8655859   21.1672   0.0361      W1P197     4          0.945    9.2    7.9357    2       1           0.4865695   0.9393939   1          
  "VIPERS 101145259" 101145259   30.5421921   -5.8656044   22.0018   0.0245      W1P197     4          1.271    3.4    2.3653    2       1           0.4835897   0.8         1          
  "VIPERS 101145270" 101145270   30.4363319   -5.8666558   22.202    0.0304      W1P197     3          0.6888   2.5    2.2475    2       1           1.0         0.84        1          
  "VIPERS 101145283" 101145283   30.9978392   -5.865705    21.9217   0.03        W1P199     3          0.6914   4.2    3.3616    2       1           0.3268055   0.94        1          
  "VIPERS 101145343" 101145343   30.9697096   -5.862772    19.6013   0.0043      W1P199     3          0.462    4.4    3.5312    2       1           0.4041397   1.0         1          
  "VIPERS 101145345" 101145345   30.7109924   -5.8661201   22.3568   0.0369      W1P198     3          1.0253   1.2    3.7797    2       1           0.6492351   0.58        1          
  "VIPERS 101145364" 101145364   30.786679    -5.8659994   21.7346   0.0184      W1P198     4          0.9139   3.4    2.3763    2       1           0.1163112   0.97        1          
  "VIPERS 101145434" 101145434   30.9861632   -5.8654673   21.2085   0.0142      W1P199     3          0.9179   4.4    2.4566    2       1           0.4823977   0.8989899   1          
  "VIPERS 101145438" 101145438   30.9882274   -5.8657992   21.8764   0.0174      W1P199     3          0.4653   3.2    1.8606    2       1           0.4893278   0.81        1          
  "VIPERS 101145528" 101145528   30.8529636   -5.8651465   22.3828   0.0267      W1P198     4          0.6299   2.2    1.7446    2       1           0.5011796   0.83        1          
  "VIPERS 101145627" 101145627   30.4885744   -5.8648267   22.2503   0.0396      W1P197     3          0.6938   1.5    3.6942    2       1           0.8417329   0.93        1          
  "VIPERS 101145651" 101145651   30.9102961   -5.8644087   21.4957   0.018       W1P199     3          0.9168   2.5    3.7212    2       1           0.64848     0.9292929   1          
  "VIPERS 101145756" 101145756   30.5388876   -5.8643049   22.3735   0.0349      W1P197     4          0.895    3.5    3.7259    2       1           0.3951735   0.92        1          
  "VIPERS 101145807" 101145807   30.5625814   -5.864125    22.4066   0.0351      W1P197     4          0.7754   3.5    2.3483    2       1           0.4907272   0.9191919   1          
  "VIPERS 101145808" 101145808   30.7913731   -5.8640147   22.2609   0.0315      W1P198     4          0.7265   3.2    4.5558    2       1           0.1541264   0.99        1          
  "VIPERS 101145833" 101145833   31.0442232   -5.8632079   21.4111   0.0123      W1P199     4          0.5528   4.4    2.0683    2       1           0.4819082   0.95        1          
  "VIPERS 101145879" 101145879   31.0667601   -5.8593945   20.9438   0.0111      W1P199     4          0.5285   4.5    2.7556    2       1           0.5527961   0.96        1          
  "VIPERS 101145932" 101145932   30.5927338   -5.8626395   20.9818   0.0105      W1P197     4          0.7384   3.4    2.4329    2       1           0.5608376   0.96        1          
  "VIPERS 101145973" 101145973   31.0087571   -5.8626849   21.9596   0.0217      W1P199     3          0.6186   4.5    3.0498    2       1           0.4146832   0.9494949   1          
  "VIPERS 101145982" 101145982   30.653538    -5.863351    22.2559   0.0287      W1P198     3          0.6058   3.5    1.9766    2       1           0.4819186   0.7373737   1          
  "VIPERS 101146094" 101146094   30.4293034   -5.8624634   21.8401   0.0189      W1P197     3          0.6454   4.5    2.7122    2       1           0.5850109   0.97        1          
  "VIPERS 101146117" 101146117   30.8688607   -5.8625429   22.4645   0.0381      W1P198     4          0.7263   2.5    4.1209    2       1           0.3545584   0.9090909   1          
  "VIPERS 101146137" 101146137   30.5843335   -5.8619981   21.8077   0.0278      W1P197     4          0.8984   2.2    15.2752   2       1           0.4901269   0.93        1          
  "VIPERS 101146139" 101146139   30.5734051   -5.8617105   21.703    0.017       W1P197     4          0.5464   4.4    2.5792    2       1           0.7210105   0.9191919   1          
  "VIPERS 101146186" 101146186   30.9680523   -5.8617089   21.4068   0.0116      W1P199     3          0.4598   4.4    2.3435    2       1           0.3793695   0.8787879   1          
  "VIPERS 101146191" 101146191   31.0549475   -5.8587351   19.6144   0.0056      W1P199     4          0.6439   4.4    7.7552    2       1           0.3107731   0.979798    1          
  "VIPERS 101146199" 101146199   30.971723    -5.8616528   21.6529   0.0167      W1P199     3          0.4656   3.4    2.8905    2       1           0.3897515   0.89        1          
  "VIPERS 101146211" 101146211   30.9920138   -5.8622203   22.3801   0.0392      W1P199     3          0.9187   3.5    2.2593    2       1           0.4687871   0.81        1          
  "VIPERS 101146268" 101146268   30.9013436   -5.8620863   22.3352   0.0256      W1P199     3          0.0      2.2    2.3005    2       1           0.3253959   0.0         1          
  "VIPERS 101146337" 101146337   31.1542288   -5.860276    20.8497   0.0094      W1P199     4          0.5835   4.5    2.7649    2       1           0.4442736   0.98        1          
  "VIPERS 101146487" 101146487   30.409039    -5.859301    20.5611   0.0085      W1P197     3          0.6505   4.2    3.0188    2       1           0.6420009   0.99        1          
  "VIPERS 101146497" 101146497   31.1090662   -5.8600928   22.2424   0.039       W1P199     4          0.9953   2.4    4.2024    2       1           0.6229011   0.91        1          
  "VIPERS 101146598" 101146598   30.6655723   -5.8601359   22.0531   0.022       W1P198     3          0.8674   4.5    1.9426    2       1           0.5966255   0.85        1          
  "VIPERS 101146774" 101146774   30.8286892   -5.8569338   21.4524   0.0162      W1P198     4          0.4129   4.2    2.0252    2       1           0.6902969   0.99        1          
  "VIPERS 101146775" 101146775   31.0830501   -5.8588102   21.7581   0.0203      W1P199     4          0.7123   4.5    3.4525    2       1           0.3914263   0.8888889   1          
  "VIPERS 101146796" 101146796   30.5773685   -5.8591689   20.7671   0.0073      W1P197     4          0.5472   4.4    1.9937    2       1           0.6198339   1.0         1          
  "VIPERS 101146840" 101146840   30.4249489   -5.8591802   22.3327   0.0266      W1P197     3          2.1258   13.2   1.4255    2       1           0.0         0.0         -1         
  "VIPERS 101146849" 101146849   30.7447218   -5.85881     22.2441   0.029       W1P198     3          0.674    3.2    2.2586    2       1           0.2851431   0.96        1          
  "VIPERS 101146932" 101146932   30.9606047   -5.8585505   22.3376   0.0352      W1P199     3          0.9075   2.5    3.4424    2       1           0.4290098   0.81        1          
  "VIPERS 101146990" 101146990   30.9765939   -5.858044    22.0231   0.0231      W1P199     3          0.4576   1.2    2.1442    2       1           0.4514013   0.93        1          
  "VIPERS 101147025" 101147025   31.0735023   -5.8580769   21.8783   0.0204      W1P199     4          0.9161   3.4    3.9694    2       1           0.4601627   0.93        1          
  "VIPERS 101147057" 101147057   30.9572986   -5.858373    22.3061   0.0233      W1P199     3          0.5276   1.5    1.8948    2       1           0.5108385   0.7070707   1          
  "VIPERS 101147092" 101147092   30.553125    -5.8565985   20.5072   0.0075      W1P197     4          0.6896   4.4    2.8966    2       1           0.6107302   1.0         1          
  "VIPERS 101147142" 101147142   30.6731061   -5.8571215   21.2036   0.0116      W1P198     3          0.8677   4.2    2.0815    2       1           0.5331583   0.9494949   1          
  "VIPERS 101147195" 101147195   30.682985    -5.8560623   20.9042   0.0102      W1P198     3          0.812    4.4    2.3475    2       1           0.3984669   0.89        1          
  "VIPERS 101147226" 101147226   31.0774551   -5.8567957   22.4338   0.0448      W1P199     4          0.4361   1.5    3.065     2       1           0.3473973   0.7         1          
  "VIPERS 101147302" 101147302   30.9998601   -5.8566425   22.0557   0.0342      W1P199     3          0.9184   3.5    2.4042    2       1           0.2733301   0.82        1          
  "VIPERS 101147313" 101147313   31.0806302   -5.8564068   22.1711   0.0287      W1P199     4          0.6523   3.5    2.3771    2       1           0.351048    0.8989899   1          
  "VIPERS 101147337" 101147337   30.71215     -5.8552187   21.9583   0.0482      W1P198     3          0.8108   2.2    12.9034   2       1           0.6166789   0.4444444   1          
  